rank: 0
 total_time: 64.969533
 communication_time: 0.000000
 compution_time: 64.969533
