rank: 1
 total_time: 32.719561
 communication_time: 0.413026
 compution_time: 32.306535
rank: 0
 total_time: 32.720797
 communication_time: 32.720694
 compution_time: 0.000102
rank: 2
 total_time: 32.720799
 communication_time: 0.004935
 compution_time: 32.715864
