rank: 1
 total_time: 53.898342
 communication_time: 0.002524
 compution_time: 53.895817
rank: 0
 total_time: 53.899943
 communication_time: 42.707115
 compution_time: 11.192828
rank: 2
 total_time: 53.899966
 communication_time: 53.887903
 compution_time: 0.012063
