rank: 0
 total_time: 65.011578
 communication_time: 0.000000
 compution_time: 65.011578
